%YAML:1.0
aruco_bc_nmarkers: 6
aruco_bc_mInfoType: 0
aruco_bc_markers:
   - { id:405109490, corners:[ [ -272., 176., 0. ], [ -112., 176., 0. ],
       [ -112., 16., 0. ], [ -272., 16., 0. ] ] }
   - { id:2059058027, corners:[ [ -80., 176., 0. ], [ 80., 176., 0. ], [
       80., 16., 0. ], [ -80., 16., 0. ] ] }
   - { id:1901055571, corners:[ [ 112., 176., 0. ], [ 272., 176., 0. ],
       [ 272., 16., 0. ], [ 112., 16., 0. ] ] }
   - { id:-1730093880, corners:[ [ -272., -16., 0. ], [ -112., -16., 0. ],
       [ -112., -176., 0. ], [ -272., -176., 0. ] ] }
   - { id:90771310, corners:[ [ -80., -16., 0. ], [ 80., -16., 0. ], [
       80., -176., 0. ], [ -80., -176., 0. ] ] }
   - { id:1898823560, corners:[ [ 112., -16., 0. ], [ 272., -16., 0. ],
       [ 272., -176., 0. ], [ 112., -176., 0. ] ] }
