%YAML:1.0
nmarkers: 6
markersize: 6
marker_0: "010011110101111010100100000110001010"
marker_1: "110101101101110101011101010111100101"
marker_2: "110010100111001111110010100011100100"
marker_3: "000100110011101100000111000110010101"
marker_4: "011101101111000010010110101000000101"
marker_5: "000100011111110110110100100011101111"
