%YAML:1.0
aruco_bc_nmarkers: 24
aruco_bc_mInfoType: 0
aruco_bc_markers:
   - { id:587, corners:[ [ -2240., -1472., 0. ], [ -1600., -1472., 0. ],
       [ -1600., -832., 0. ], [ -2240., -832., 0. ] ] }
   - { id:959, corners:[ [ -1472., -1472., 0. ], [ -832., -1472., 0. ],
       [ -832., -832., 0. ], [ -1472., -832., 0. ] ] }
   - { id:189, corners:[ [ -704., -1472., 0. ], [ -64., -1472., 0. ], [
       -64., -832., 0. ], [ -704., -832., 0. ] ] }
   - { id:24, corners:[ [ 64., -1472., 0. ], [ 704., -1472., 0. ], [
       704., -832., 0. ], [ 64., -832., 0. ] ] }
   - { id:51, corners:[ [ 832., -1472., 0. ], [ 1472., -1472., 0. ], [
       1472., -832., 0. ], [ 832., -832., 0. ] ] }
   - { id:583, corners:[ [ 1600., -1472., 0. ], [ 2240., -1472., 0. ], [
       2240., -832., 0. ], [ 1600., -832., 0. ] ] }
   - { id:976, corners:[ [ -2240., -704., 0. ], [ -1600., -704., 0. ], [
       -1600., -64., 0. ], [ -2240., -64., 0. ] ] }
   - { id:510, corners:[ [ -1472., -704., 0. ], [ -832., -704., 0. ], [
       -832., -64., 0. ], [ -1472., -64., 0. ] ] }
   - { id:909, corners:[ [ -704., -704., 0. ], [ -64., -704., 0. ], [
       -64., -64., 0. ], [ -704., -64., 0. ] ] }
   - { id:328, corners:[ [ 64., -704., 0. ], [ 704., -704., 0. ], [ 704.,
       -64., 0. ], [ 64., -64., 0. ] ] }
   - { id:798, corners:[ [ 832., -704., 0. ], [ 1472., -704., 0. ], [
       1472., -64., 0. ], [ 832., -64., 0. ] ] }
   - { id:294, corners:[ [ 1600., -704., 0. ], [ 2240., -704., 0. ], [
       2240., -64., 0. ], [ 1600., -64., 0. ] ] }
   - { id:595, corners:[ [ -2240., 64., 0. ], [ -1600., 64., 0. ], [
       -1600., 704., 0. ], [ -2240., 704., 0. ] ] }
   - { id:183, corners:[ [ -1472., 64., 0. ], [ -832., 64., 0. ], [
       -832., 704., 0. ], [ -1472., 704., 0. ] ] }
   - { id:648, corners:[ [ -704., 64., 0. ], [ -64., 64., 0. ], [ -64.,
       704., 0. ], [ -704., 704., 0. ] ] }
   - { id:671, corners:[ [ 64., 64., 0. ], [ 704., 64., 0. ], [ 704.,
       704., 0. ], [ 64., 704., 0. ] ] }
   - { id:258, corners:[ [ 832., 64., 0. ], [ 1472., 64., 0. ], [ 1472.,
       704., 0. ], [ 832., 704., 0. ] ] }
   - { id:385, corners:[ [ 1600., 64., 0. ], [ 2240., 64., 0. ], [ 2240.,
       704., 0. ], [ 1600., 704., 0. ] ] }
   - { id:317, corners:[ [ -2240., 832., 0. ], [ -1600., 832., 0. ], [
       -1600., 1472., 0. ], [ -2240., 1472., 0. ] ] }
   - { id:1006, corners:[ [ -1472., 832., 0. ], [ -832., 832., 0. ], [
       -832., 1472., 0. ], [ -1472., 1472., 0. ] ] }
   - { id:625, corners:[ [ -704., 832., 0. ], [ -64., 832., 0. ], [ -64.,
       1472., 0. ], [ -704., 1472., 0. ] ] }
   - { id:851, corners:[ [ 64., 832., 0. ], [ 704., 832., 0. ], [ 704.,
       1472., 0. ], [ 64., 1472., 0. ] ] }
   - { id:814, corners:[ [ 832., 832., 0. ], [ 1472., 832., 0. ], [
       1472., 1472., 0. ], [ 832., 1472., 0. ] ] }
   - { id:996, corners:[ [ 1600., 832., 0. ], [ 2240., 832., 0. ], [
       2240., 1472., 0. ], [ 1600., 1472., 0. ] ] }
