%YAML:1.0
aruco_bc_nmarkers: 24
aruco_bc_mInfoType: 1
aruco_bc_markers:
   - { id:587, corners:[ [ -1.3300000131130219e-01,
       -8.7399996817111969e-02, 0. ], [ -9.4999998807907104e-02,
       -8.7399996817111969e-02, 0. ], [ -9.4999998807907104e-02,
       -4.9399998039007187e-02, 0. ], [ -1.3300000131130219e-01,
       -4.9399998039007187e-02, 0. ] ] }
   - { id:959, corners:[ [ -8.7399996817111969e-02,
       -8.7399996817111969e-02, 0. ], [ -4.9399998039007187e-02,
       -8.7399996817111969e-02, 0. ], [ -4.9399998039007187e-02,
       -4.9399998039007187e-02, 0. ], [ -8.7399996817111969e-02,
       -4.9399998039007187e-02, 0. ] ] }
   - { id:189, corners:[ [ -4.1799999773502350e-02,
       -8.7399996817111969e-02, 0. ], [ -3.7999998312443495e-03,
       -8.7399996817111969e-02, 0. ], [ -3.7999998312443495e-03,
       -4.9399998039007187e-02, 0. ], [ -4.1799999773502350e-02,
       -4.9399998039007187e-02, 0. ] ] }
   - { id:24, corners:[ [ 3.7999998312443495e-03,
       -8.7399996817111969e-02, 0. ], [ 4.1799999773502350e-02,
       -8.7399996817111969e-02, 0. ], [ 4.1799999773502350e-02,
       -4.9399998039007187e-02, 0. ], [ 3.7999998312443495e-03,
       -4.9399998039007187e-02, 0. ] ] }
   - { id:51, corners:[ [ 4.9399998039007187e-02,
       -8.7399996817111969e-02, 0. ], [ 8.7399996817111969e-02,
       -8.7399996817111969e-02, 0. ], [ 8.7399996817111969e-02,
       -4.9399998039007187e-02, 0. ], [ 4.9399998039007187e-02,
       -4.9399998039007187e-02, 0. ] ] }
   - { id:583, corners:[ [ 9.4999998807907104e-02,
       -8.7399996817111969e-02, 0. ], [ 1.3300000131130219e-01,
       -8.7399996817111969e-02, 0. ], [ 1.3300000131130219e-01,
       -4.9399998039007187e-02, 0. ], [ 9.4999998807907104e-02,
       -4.9399998039007187e-02, 0. ] ] }
   - { id:976, corners:[ [ -1.3300000131130219e-01,
       -4.1799999773502350e-02, 0. ], [ -9.4999998807907104e-02,
       -4.1799999773502350e-02, 0. ], [ -9.4999998807907104e-02,
       -3.7999998312443495e-03, 0. ], [ -1.3300000131130219e-01,
       -3.7999998312443495e-03, 0. ] ] }
   - { id:510, corners:[ [ -8.7399996817111969e-02,
       -4.1799999773502350e-02, 0. ], [ -4.9399998039007187e-02,
       -4.1799999773502350e-02, 0. ], [ -4.9399998039007187e-02,
       -3.7999998312443495e-03, 0. ], [ -8.7399996817111969e-02,
       -3.7999998312443495e-03, 0. ] ] }
   - { id:909, corners:[ [ -4.1799999773502350e-02,
       -4.1799999773502350e-02, 0. ], [ -3.7999998312443495e-03,
       -4.1799999773502350e-02, 0. ], [ -3.7999998312443495e-03,
       -3.7999998312443495e-03, 0. ], [ -4.1799999773502350e-02,
       -3.7999998312443495e-03, 0. ] ] }
   - { id:328, corners:[ [ 3.7999998312443495e-03,
       -4.1799999773502350e-02, 0. ], [ 4.1799999773502350e-02,
       -4.1799999773502350e-02, 0. ], [ 4.1799999773502350e-02,
       -3.7999998312443495e-03, 0. ], [ 3.7999998312443495e-03,
       -3.7999998312443495e-03, 0. ] ] }
   - { id:798, corners:[ [ 4.9399998039007187e-02,
       -4.1799999773502350e-02, 0. ], [ 8.7399996817111969e-02,
       -4.1799999773502350e-02, 0. ], [ 8.7399996817111969e-02,
       -3.7999998312443495e-03, 0. ], [ 4.9399998039007187e-02,
       -3.7999998312443495e-03, 0. ] ] }
   - { id:294, corners:[ [ 9.4999998807907104e-02,
       -4.1799999773502350e-02, 0. ], [ 1.3300000131130219e-01,
       -4.1799999773502350e-02, 0. ], [ 1.3300000131130219e-01,
       -3.7999998312443495e-03, 0. ], [ 9.4999998807907104e-02,
       -3.7999998312443495e-03, 0. ] ] }
   - { id:595, corners:[ [ -1.3300000131130219e-01,
       3.7999998312443495e-03, 0. ], [ -9.4999998807907104e-02,
       3.7999998312443495e-03, 0. ], [ -9.4999998807907104e-02,
       4.1799999773502350e-02, 0. ], [ -1.3300000131130219e-01,
       4.1799999773502350e-02, 0. ] ] }
   - { id:183, corners:[ [ -8.7399996817111969e-02,
       3.7999998312443495e-03, 0. ], [ -4.9399998039007187e-02,
       3.7999998312443495e-03, 0. ], [ -4.9399998039007187e-02,
       4.1799999773502350e-02, 0. ], [ -8.7399996817111969e-02,
       4.1799999773502350e-02, 0. ] ] }
   - { id:648, corners:[ [ -4.1799999773502350e-02,
       3.7999998312443495e-03, 0. ], [ -3.7999998312443495e-03,
       3.7999998312443495e-03, 0. ], [ -3.7999998312443495e-03,
       4.1799999773502350e-02, 0. ], [ -4.1799999773502350e-02,
       4.1799999773502350e-02, 0. ] ] }
   - { id:671, corners:[ [ 3.7999998312443495e-03,
       3.7999998312443495e-03, 0. ], [ 4.1799999773502350e-02,
       3.7999998312443495e-03, 0. ], [ 4.1799999773502350e-02,
       4.1799999773502350e-02, 0. ], [ 3.7999998312443495e-03,
       4.1799999773502350e-02, 0. ] ] }
   - { id:258, corners:[ [ 4.9399998039007187e-02,
       3.7999998312443495e-03, 0. ], [ 8.7399996817111969e-02,
       3.7999998312443495e-03, 0. ], [ 8.7399996817111969e-02,
       4.1799999773502350e-02, 0. ], [ 4.9399998039007187e-02,
       4.1799999773502350e-02, 0. ] ] }
   - { id:385, corners:[ [ 9.4999998807907104e-02,
       3.7999998312443495e-03, 0. ], [ 1.3300000131130219e-01,
       3.7999998312443495e-03, 0. ], [ 1.3300000131130219e-01,
       4.1799999773502350e-02, 0. ], [ 9.4999998807907104e-02,
       4.1799999773502350e-02, 0. ] ] }
   - { id:317, corners:[ [ -1.3300000131130219e-01,
       4.9399998039007187e-02, 0. ], [ -9.4999998807907104e-02,
       4.9399998039007187e-02, 0. ], [ -9.4999998807907104e-02,
       8.7399996817111969e-02, 0. ], [ -1.3300000131130219e-01,
       8.7399996817111969e-02, 0. ] ] }
   - { id:1006, corners:[ [ -8.7399996817111969e-02,
       4.9399998039007187e-02, 0. ], [ -4.9399998039007187e-02,
       4.9399998039007187e-02, 0. ], [ -4.9399998039007187e-02,
       8.7399996817111969e-02, 0. ], [ -8.7399996817111969e-02,
       8.7399996817111969e-02, 0. ] ] }
   - { id:625, corners:[ [ -4.1799999773502350e-02,
       4.9399998039007187e-02, 0. ], [ -3.7999998312443495e-03,
       4.9399998039007187e-02, 0. ], [ -3.7999998312443495e-03,
       8.7399996817111969e-02, 0. ], [ -4.1799999773502350e-02,
       8.7399996817111969e-02, 0. ] ] }
   - { id:851, corners:[ [ 3.7999998312443495e-03,
       4.9399998039007187e-02, 0. ], [ 4.1799999773502350e-02,
       4.9399998039007187e-02, 0. ], [ 4.1799999773502350e-02,
       8.7399996817111969e-02, 0. ], [ 3.7999998312443495e-03,
       8.7399996817111969e-02, 0. ] ] }
   - { id:814, corners:[ [ 4.9399998039007187e-02,
       4.9399998039007187e-02, 0. ], [ 8.7399996817111969e-02,
       4.9399998039007187e-02, 0. ], [ 8.7399996817111969e-02,
       8.7399996817111969e-02, 0. ], [ 4.9399998039007187e-02,
       8.7399996817111969e-02, 0. ] ] }
   - { id:996, corners:[ [ 9.4999998807907104e-02,
       4.9399998039007187e-02, 0. ], [ 1.3300000131130219e-01,
       4.9399998039007187e-02, 0. ], [ 1.3300000131130219e-01,
       8.7399996817111969e-02, 0. ], [ 9.4999998807907104e-02,
       8.7399996817111969e-02, 0. ] ] }
