%YAML:1.0
image_width: 640
image_height: 480
camera_matrix: !!opencv-matrix
   rows: 3
   cols: 3
   dt: d
   data: [ 6.7724609614443057e+02, 0., 3.1007876651426221e+02, 0.,
       6.7542244458402945e+02, 2.4212804888532358e+02, 0., 0., 1. ]
distortion_coefficients: !!opencv-matrix
   rows: 1
   cols: 5
   dt: d
   data: [ -4.6513671443220245e-02, -9.0054656505865777e-02,
       -5.8605138457828885e-03, 5.5610371739250727e-03,
       -2.3666210475212221e-01 ]
